319 319 
680 680
180 180
690 690
129 129
620 620
762 762
689 689
762 
318 318
368 368
710 710
720 720
710 
629 629
168 168
160 160
689 
716 716
731 731
736 736
729 729
316 316
729 
729 
710 
769 769
290 290
719 719
680 
318 
389 389
162 162
289 289
162 
718 718
729 
319 
790 790
680 
890 890
362 362
319 
760 760
316 
729 
380 380
319 
728 728
716 

319 -
680 -
180 -
690 -
129 -
620 -
762 -
689 -
318 -
368 -
710 -
720 -
629 -
168 -
160 -
716 -
731 -
736 -
729 -
316 -
769 -
290 -
719 -
389 -
162 -
289 -
718 -
790 -
890 -
362 -
760 -
380 -
728 -

73162890
